
 etall    1, NO =    5, NV =    5, INA =   16
 *********************************************

    I  COEFFICIENT          ORDER   EXPONENTS
     1   0.1442382876983E-09    0     0 0  0 0  0
   1.4423828769827223E-010
     2   0.2178712796324        1     1 0  0 0  0
  0.21787127963238540     
     3    19.98795269694        1     0 1  0 0  0
   19.987952696939509     
     4  -0.1288832146745E-03    1     0 0  0 0  1
  -1.2888321467445681E-004
     5  -0.1668533772140        2     2 0  0 0  0
 -0.16685337721400251     
     6   -71.43025773973        2     1 1  0 0  0
  -71.430257739728859     
     7   -413.1747591452        2     0 2  0 0  0
  -413.17475914516024     
     8   -17.19846649846        2     0 0  2 0  0
  -17.198466498458600     
     9    199.5088822744        2     0 0  1 1  0
   199.50888227444059     
    10  -0.8176906623552        2     1 0  0 0  1
 -0.81769066235522692     
    11   -105.8968959012        2     0 1  0 0  1
  -105.89689590122879     
    12   -235.7930072304        2     0 0  0 2  0
  -235.79300723040660     
    13    2.289227657857        2     0 0  0 0  2
   2.2892276578571722     
    14    80.43922567692        3     3 0  0 0  0
   80.439225676923016     
    15   -1581.779568431        3     2 1  0 0  0
  -1581.7795684305572     
    16   -19548.18753691        3     1 2  0 0  0
  -19548.187536912454     
    17   -154565.5286714        3     0 3  0 0  0
  -154565.52867144466     
    18   -444.9553942480        3     1 0  2 0  0
  -444.95539424798864     
    19   -9786.663407221        3     0 1  2 0  0
  -9786.6634072209090     
    20    2446.205872208        3     1 0  1 1  0
   2446.2058722083575     
    21   -82173.08349353        3     0 1  1 1  0
  -82173.083493532977     
    22   -242.2671113880        3     2 0  0 0  1
  -242.26711138796429     
    23    869.7634249412        3     1 1  0 0  1
   869.76342494115636     
    24    8817.066285843        3     0 2  0 0  1
   8817.0662858430696     
    25   -19.82699878608        3     0 0  2 0  1
  -19.826998786082125     
    26    5730.154531225        3     1 0  0 2  0
   5730.1545312250291     
    27    285527.3270519        3     0 1  0 2  0
   285527.32705186401     
    28   -422.2881686823        3     0 0  1 1  1
  -422.28816868232411     
    29    63.97390208811        3     1 0  0 0  2
   63.973902088112347     
    30   -104.6164929318        3     0 1  0 0  2
  -104.61649293181870     
    31   -1075.576834629        3     0 0  0 2  1
  -1075.5768346289774     
    32   -14.88866862777        3     0 0  0 0  3
  -14.888668627769073     
    33    74.97296027513        4     4 0  0 0  0
   74.972960275130021     
    34    6455.665528352        4     3 1  0 0  0
   6455.6655283524706     
    35    1541824.682528        4     2 2  0 0  0
   1541824.6825276006     
    36    13737760.27664        4     1 3  0 0  0
   13737760.276641557     
    37   -22935636.44077        4     0 4  0 0  0
  -22935636.440773875     
    38    17641.15499274        4     2 0  2 0  0
   17641.154992740070     
    39   -360232.7734560        4     1 1  2 0  0
  -360232.77345604991     
    40    727931.5812737        4     0 2  2 0  0
   727931.58127371105     
    41   -5919.738432164        4     0 0  4 0  0
  -5919.7384321642130     
    42    22074.35191575        4     2 0  1 1  0
   22074.351915750762     
    43    1900461.167052        4     1 1  1 1  0
   1900461.1670521963     
    44   -42575590.10422        4     0 2  1 1  0
  -42575590.104220755     
    45   -200676.0050530        4     0 0  3 1  0
  -200676.00505300256     
    46    5638.124250716        4     3 0  0 0  1
   5638.1242507163088     
    47   -77320.15012012        4     2 1  0 0  1
  -77320.150120120597     
    48    350440.0832060        4     1 2  0 0  1
   350440.08320602705     
    49   -12473817.17422        4     0 3  0 0  1
  -12473817.174218455     
    50    348.0732995389        4     1 0  2 0  1
   348.07329953894811     
    51    59217.56322241        4     0 1  2 0  1
   59217.563222405399     
    52    599608.0667974        4     2 0  0 2  0
   599608.06679744413     
    53   -196650.4782960        4     1 1  0 2  0
  -196650.47829602275     
    54   -114521286.6332        4     0 2  0 2  0
  -114521286.63320361     
    55    881677.6210469        4     0 0  2 2  0
   881677.62104689539     
    56   -94509.27249112        4     1 0  1 1  1
  -94509.272491120195     
    57    246455.3618985        4     0 1  1 1  1
   246455.36189851002     
    58   -3081.450414574        4     2 0  0 0  2
  -3081.4504145737615     
    59    33991.53383807        4     1 1  0 0  2
   33991.533838065239     
    60    282409.5625395        4     0 2  0 0  2
   282409.56253948010     
    61    756.2286370839        4     0 0  2 0  2
   756.22863708389946     
    62    4156252.643234        4     0 0  1 3  0
   4156252.6432343810     
    63   -149268.6029069        4     1 0  0 2  1
  -149268.60290685724     
    64    191433.0833650        4     0 1  0 2  1
   191433.08336495148     
    65    1312.513090121        4     0 0  1 1  2
   1312.5130901208763     
    66    996.3208137522        4     1 0  0 0  3
   996.32081375222174     
    67   -5736.446791417        4     0 1  0 0  3
  -5736.4467914172610     
    68   -5444504.435530        4     0 0  0 4  0
  -5444504.4355301373     
    69    72214.23899222        4     0 0  0 2  2
   72214.238992218030     
    70   -85.47293898115        4     0 0  0 0  4
  -85.472938981152964     
    71   -126482.3651279        5     5 0  0 0  0
  -126482.36512788622     
    72    2352358.594665        5     4 1  0 0  0
   2352358.5946649280     
    73   -56573944.88490        5     3 2  0 0  0
  -56573944.884900928     
    74    644398029.2182        5     2 3  0 0  0
   644398029.21824825     
    75   -9582874744.811        5     1 4  0 0  0
  -9582874744.8105087     
    76    132415510631.2        5     0 5  0 0  0
   132415510631.17218     
    77   -43995.88125905        5     3 0  2 0  0
  -43995.881259053647     
    78    14561647.41171        5     2 1  2 0  0
   14561647.411712848     
    79   -153224775.1153        5     1 2  2 0  0
  -153224775.11525542     
    80    717952134.8467        5     0 3  2 0  0
   717952134.84670722     
    81   -379481.0593316        5     1 0  4 0  0
  -379481.05933164241     
    82    1682829.989021        5     0 1  4 0  0
   1682829.9890209516     
    83    4196409.606622        5     3 0  1 1  0
   4196409.6066216137     
    84   -78593622.15638        5     2 1  1 1  0
  -78593622.156376109     
    85    308166990.0599        5     1 2  1 1  0
   308166990.05989456     
    86    7102593897.686        5     0 3  1 1  0
   7102593897.6858997     
    87    8209704.521076        5     1 0  3 1  0
   8209704.5210755793     
    88   -91946111.37948        5     0 1  3 1  0
  -91946111.379478857     
    89    202339.2780585        5     4 0  0 0  1
   202339.27805851746     
    90   -1036496.445909        5     3 1  0 0  1
  -1036496.4459087538     
    91   -3874141.735971        5     2 2  0 0  1
  -3874141.7359711146     
    92   -155675236.3139        5     1 3  0 0  1
  -155675236.31392297     
    93   -1668443862.915        5     0 4  0 0  1
  -1668443862.9147024     
    94   -143105.7716003        5     2 0  2 0  1
  -143105.77160033499     
    95   -1435649.867060        5     1 1  2 0  1
  -1435649.8670600408     
    96   -62831313.87399        5     0 2  2 0  1
  -62831313.873993650     
    97    2794.999431236        5     0 0  4 0  1
   2794.9994312355120     
    98   -14500121.23548        5     3 0  0 2  0
  -14500121.235483568     
    99    145206278.3590        5     2 1  0 2  0
   145206278.35897657     
   100   -890787817.5175        5     1 2  0 2  0
  -890787817.51746106     
   101    26927484662.61        5     0 3  0 2  0
   26927484662.614761     
   102   -9299230.254344        5     1 0  2 2  0
  -9299230.2543442789     
   103   -76266445.82589        5     0 1  2 2  0
  -76266445.825888127     
   104    844893.5956575        5     2 0  1 1  1
   844893.59565753548     
   105   -19988488.01121        5     1 1  1 1  1
  -19988488.011208739     
   106    363493207.3495        5     0 2  1 1  1
   363493207.34953481     
   107    1218771.654320        5     0 0  3 1  1
   1218771.6543204272     
   108   -148545.5424480        5     3 0  0 0  2
  -148545.54244795706     
   109   -452140.1902950        5     2 1  0 0  2
  -452140.19029495376     
   110    17008332.21796        5     1 2  0 0  2
   17008332.217961773     
   111   -12575632.18964        5     0 3  0 0  2
  -12575632.189641893     
   112   -34708.74824252        5     1 0  2 0  2
  -34708.748242522226     
   113    1251646.796931        5     0 1  2 0  2
   1251646.7969306381     
   114    149111540.1983        5     1 0  1 3  0
   149111540.19828674     
   115    1546947654.622        5     0 1  1 3  0
   1546947654.6219230     
   116    8973424.693470        5     2 0  0 2  1
   8973424.6934701409     
   117   -160679931.4384        5     1 1  0 2  1
  -160679931.43841159     
   118   -36075630.91903        5     0 2  0 2  1
  -36075630.919030130     
   119   -12079289.54686        5     0 0  2 2  1
  -12079289.546856374     
   120   -433158.7298795        5     1 0  1 1  2
  -433158.72987947305     
   121   -815596.7987703        5     0 1  1 1  2
  -815596.79877033364     
   122    49258.64530749        5     2 0  0 0  3
   49258.645307492108     
   123    78188.43063809        5     1 1  0 0  3
   78188.430638091668     
   124   -5633917.299589        5     0 2  0 0  3
  -5633917.2995891068     
   125   -1956.608103884        5     0 0  2 0  3
  -1956.6081038844018     
   126    132843398.6040        5     1 0  0 4  0
   132843398.60397439     
   127    5121609412.873        5     0 1  0 4  0
   5121609412.8732309     
   128   -15213613.95325        5     0 0  1 3  1
  -15213613.953250183     
   129   -5849308.994700        5     1 0  0 2  2
  -5849308.9947003210     
   130   -5349715.963476        5     0 1  0 2  2
  -5349715.9634760655     
   131    220525.4524958        5     0 0  1 1  3
   220525.45249581902     
   132   -8886.234904887        5     1 0  0 0  4
  -8886.2349048866527     
   133    52532.81798760        5     0 1  0 0  4
   52532.817987602699     
   134   -101844408.5820        5     0 0  0 4  1
  -101844408.58201022     
   135    636032.4276986        5     0 0  0 2  3
   636032.42769863573     
   136    458.3746902759        5     0 0  0 0  5
   458.37469027592459     
                                      

 etall    1, NO =    5, NV =    5, INA =   20
 *********************************************

    I  COEFFICIENT          ORDER   EXPONENTS
     1   0.8783743583038E-11    0     0 0  0 0  0
   8.7837435830376942E-012
     2  -0.4765531121511E-01    1     1 0  0 0  0
  -4.7655311215109290E-002
     3   0.2178712758953        1     0 1  0 0  0
  0.21787127589532357     
     4  -0.7844568300106E-05    1     0 0  0 0  1
  -7.8445683001064314E-006
     5  -0.1015221619348        2     2 0  0 0  0
 -0.10152216193477157     
     6   -2.669943751852        2     1 1  0 0  0
  -2.6699437518522897     
     7    3.616436836035        2     0 2  0 0  0
   3.6164368360349748     
     8   0.1818563061461        2     0 0  2 0  0
  0.18185630614605947     
     9   -2.174740247522        2     0 0  1 1  0
  -2.1747402475217879     
    10  -0.2702698952022        2     1 0  0 0  1
 -0.27026989520216727     
    11  -0.8144306226355        2     0 1  0 0  1
 -0.81443062263551180     
    12   -29.61181469559        2     0 0  0 2  0
  -29.611814695593988     
    13   0.1358228834604        2     0 0  0 0  2
  0.13582288346041482     
    14  -0.8634930192070        3     3 0  0 0  0
 -0.86349301920700572     
    15   -70.50876716269        3     2 1  0 0  0
  -70.508767162693985     
    16   -220.4374542466        3     1 2  0 0  0
  -220.43745424660861     
    17    37749.28185934        3     0 3  0 0  0
   37749.281859336421     
    18   -27.05168709025        3     1 0  2 0  0
  -27.051687090252880     
    19    93.54674998837        3     0 1  2 0  0
   93.546749988369754     
    20   -102.0107292256        3     1 0  1 1  0
  -102.01072922555912     
    21   -3968.364954453        3     0 1  1 1  0
  -3968.3649544534655     
    22   -3.011843362362        3     2 0  0 0  1
  -3.0118433623621494     
    23   -82.30400944129        3     1 1  0 0  1
  -82.304009441289566     
    24   -5097.344121771        3     0 2  0 0  1
  -5097.3441217712416     
    25   -5.238855119369        3     0 0  2 0  1
  -5.2388551193691457     
    26    85.38705818768        3     1 0  0 2  0
   85.387058187680282     
    27   -1410.925021942        3     0 1  0 2  0
  -1410.9250219422725     
    28   -18.74123046300        3     0 0  1 1  1
  -18.741230462996977     
    29  -0.1447564904647        3     1 0  0 0  2
 -0.14475649046469061     
    30    73.93751320665        3     0 1  0 0  2
   73.937513206650834     
    31   -274.3540212964        3     0 0  0 2  1
  -274.35402129640568     
    32  -0.2715355666777        3     0 0  0 0  3
 -0.27153556667765927     
    33   -1.996359915460        4     4 0  0 0  0
  -1.9963599154602334     
    34    2728.162081579        4     3 1  0 0  0
   2728.1620815793040     
    35    49155.01807006        4     2 2  0 0  0
   49155.018070055317     
    36   -555455.5139151        4     1 3  0 0  0
  -555455.51391505508     
    37   -83246.13864581        4     0 4  0 0  0
  -83246.138645811705     
    38    162.7480646515        4     2 0  2 0  0
   162.74806465148276     
    39    15605.92204590        4     1 1  2 0  0
   15605.922045904730     
    40    476869.8771532        4     0 2  2 0  0
   476869.87715318229     
    41    421.2902459197        4     0 0  4 0  0
   421.29024591969966     
    42    1385.133073744        4     2 0  1 1  0
   1385.1330737444489     
    43   -150467.0497807        4     1 1  1 1  0
  -150467.04978065306     
    44   -1142729.597544        4     0 2  1 1  0
  -1142729.5975435807     
    45   -6780.319039947        4     0 0  3 1  0
  -6780.3190399467685     
    46    1.879892057756        4     3 0  0 0  1
   1.8798920577564626     
    47   -525.4152634393        4     2 1  0 0  1
  -525.41526343927467     
    48    7687.241782454        4     1 2  0 0  1
   7687.2417824537297     
    49    2099725.871268        4     0 3  0 0  1
   2099725.8712678938     
    50   -62.80492848615        4     1 0  2 0  1
  -62.804928486145634     
    51   -8740.193364187        4     0 1  2 0  1
  -8740.1933641867618     
    52    3110.902536042        4     2 0  0 2  0
   3110.9025360424216     
    53   -196454.7908789        4     1 1  0 2  0
  -196454.79087888292     
    54    5466545.745148        4     0 2  0 2  0
   5466545.7451476902     
    55    6360.609353705        4     0 0  2 2  0
   6360.6093537046218     
    56   -1296.616197628        4     1 0  1 1  1
  -1296.6161976284111     
    57   -10902.95938774        4     0 1  1 1  1
  -10902.959387742281     
    58    8.907353356016        4     2 0  0 0  2
   8.9073533560159923     
    59    1133.162353572        4     1 1  0 0  2
   1133.1623535715855     
    60   -23254.99236250        4     0 2  0 0  2
  -23254.992362504821     
    61    112.4125578174        4     0 0  2 0  2
   112.41255781739561     
    62    122579.6679477        4     0 0  1 3  0
   122579.66794772823     
    63   -593.1320559229        4     1 0  0 2  1
  -593.13205592292900     
    64    123116.1960537        4     0 1  0 2  1
   123116.19605371564     
    65   -689.4928451227        4     0 0  1 1  2
  -689.49284512270344     
    66   -13.17961947970        4     1 0  0 0  3
  -13.179619479702531     
    67   -233.9311080818        4     0 1  0 0  3
  -233.93110808181311     
    68    244833.0977586        4     0 0  0 4  0
   244833.09775858524     
    69   -633.3526037638        4     0 0  0 2  2
  -633.35260376380745     
    70    2.498155639156        4     0 0  0 0  4
   2.4981556391561366     
    71   -535.9465222255        5     5 0  0 0  0
  -535.94652222553259     
    72   -26607.83595018        5     4 1  0 0  0
  -26607.835950175169     
    73    1097487.023958        5     3 2  0 0  0
   1097487.0239575724     
    74   -43153964.16248        5     2 3  0 0  0
  -43153964.162481472     
    75    7697801.992047        5     1 4  0 0  0
   7697801.9920474552     
    76   -24246435826.48        5     0 5  0 0  0
  -24246435826.484077     
    77    7813.203683674        5     3 0  2 0  0
   7813.2036836741290     
    78   -270632.7510203        5     2 1  2 0  0
  -270632.75102025835     
    79   -2232567.730643        5     1 2  2 0  0
  -2232567.7306426484     
    80    80460932.38599        5     0 3  2 0  0
   80460932.385991573     
    81   -11142.86891839        5     1 0  4 0  0
  -11142.868918393966     
    82    296631.2174492        5     0 1  4 0  0
   296631.21744921716     
    83   -57804.94598122        5     3 0  1 1  0
  -57804.945981219404     
    84    2950231.589840        5     2 1  1 1  0
   2950231.5898396713     
    85    96079318.11631        5     1 2  1 1  0
   96079318.116308466     
    86    1077366666.242        5     0 3  1 1  0
   1077366666.2417188     
    87    116711.9703265        5     1 0  3 1  0
   116711.97032654758     
    88    6683532.177029        5     0 1  3 1  0
   6683532.1770289727     
    89    836.2342983034        5     4 0  0 0  1
   836.23429830340149     
    90   -24108.54243389        5     3 1  0 0  1
  -24108.542433886607     
    91   -438638.9788833        5     2 2  0 0  1
  -438638.97888330219     
    92    33716252.47305        5     1 3  0 0  1
   33716252.473054737     
    93    1604017834.109        5     0 4  0 0  1
   1604017834.1087079     
    94   -3151.461121962        5     2 0  2 0  1
  -3151.4611219619028     
    95    81490.65532211        5     1 1  2 0  1
   81490.655322109931     
    96   -4381417.265366        5     0 2  2 0  1
  -4381417.2653661482     
    97   -7709.540060190        5     0 0  4 0  1
  -7709.5400601904439     
    98   -18114.62205754        5     3 0  0 2  0
  -18114.622057540746     
    99   -3254285.494069        5     2 1  0 2  0
  -3254285.4940689756     
   100    142958772.5315        5     1 2  0 2  0
   142958772.53148526     
   101   -9462374374.379        5     0 3  0 2  0
  -9462374374.3790035     
   102   -702331.5514968        5     1 0  2 2  0
  -702331.55149681610     
   103   -40798313.32414        5     0 1  2 2  0
  -40798313.324142471     
   104    49314.52973299        5     2 0  1 1  1
   49314.529732988878     
   105   -1840728.041400        5     1 1  1 1  1
  -1840728.0413999145     
   106    27185133.31212        5     0 2  1 1  1
   27185133.312122516     
   107    47184.17146713        5     0 0  3 1  1
   47184.171467127424     
   108   -699.9386358107        5     3 0  0 0  2
  -699.93863581073799     
   109    129032.8403413        5     2 1  0 0  2
   129032.84034128358     
   110   -3031831.176357        5     1 2  0 0  2
  -3031831.1763574779     
   111   -79677144.51084        5     0 3  0 0  2
  -79677144.510840401     
   112    1115.897588660        5     1 0  2 0  2
   1115.8975886604480     
   113    63106.23247081        5     0 1  2 0  2
   63106.232470813469     
   114    2704171.195550        5     1 0  1 3  0
   2704171.1955496278     
   115   -22489995.77233        5     0 1  1 3  0
  -22489995.772329517     
   116   -14810.15314540        5     2 0  0 2  1
  -14810.153145404678     
   117   -7008731.148015        5     1 1  0 2  1
  -7008731.1480148509     
   118   -94829561.31159        5     0 2  0 2  1
  -94829561.311590359     
   119   -179551.9012206        5     0 0  2 2  1
  -179551.90122055437     
   120   -6162.666978533        5     1 0  1 1  2
  -6162.6669785334598     
   121    384330.8561421        5     0 1  1 1  2
   384330.85614210728     
   122   -119.3704727712        5     2 0  0 0  3
  -119.37047277121570     
   123    5300.634827181        5     1 1  0 0  3
   5300.6348271814732     
   124    2155220.872871        5     0 2  0 0  3
   2155220.8728714660     
   125   -468.5962561831        5     0 0  2 0  3
  -468.59625618311378     
   126    6369664.406214        5     1 0  0 4  0
   6369664.4062138917     
   127   -334671983.8336        5     0 1  0 4  0
  -334671983.83361340     
   128    1780195.976001        5     0 0  1 3  1
   1780195.9760012180     
   129   -39537.81522451        5     1 0  0 2  2
  -39537.815224514125     
   130    2275064.041368        5     0 1  0 2  2
   2275064.0413676687     
   131   -3933.033719027        5     0 0  1 1  3
  -3933.0337190265936     
   132   -111.7771899002        5     1 0  0 0  4
  -111.77718990015327     
   133   -18131.42326759        5     0 1  0 0  4
  -18131.423267591854     
   134   -1320180.191169        5     0 0  0 4  1
  -1320180.1911686528     
   135   -736.4801126801        5     0 0  0 2  3
  -736.48011268013522     
   136    74.00545805483        5     0 0  0 0  5
   74.005458054833738     
                                      

 etall    1, NO =    5, NV =    5, INA =   21
 *********************************************

    I  COEFFICIENT          ORDER   EXPONENTS
     1   0.8634763167970        1     0 0  1 0  0
  0.86347631679702574     
     2    1.700230007424        1     0 0  0 1  0
   1.7002300074237984     
     3   -10.45279134446        2     1 0  1 0  0
  -10.452791344455614     
     4    100.1692080397        2     0 1  1 0  0
   100.16920803968434     
     5    45.90656136295        2     1 0  0 1  0
   45.906561362946292     
     6    785.6190778350        2     0 1  0 1  0
   785.61907783495826     
     7  -0.2787629877312        2     0 0  1 0  1
 -0.27876298773119812     
     8    9.216558365471        2     0 0  0 1  1
   9.2165583654708243     
     9   -99.24233013840        3     2 0  1 0  0
  -99.242330138401428     
    10   -313.5577067385        3     1 1  1 0  0
  -313.55770673847201     
    11    43276.87086106        3     0 2  1 0  0
   43276.870861057774     
    12    18.44615705687        3     0 0  3 0  0
   18.446157056874938     
    13   -81.32145673483        3     2 0  0 1  0
  -81.321456734832850     
    14   -21850.67115088        3     1 1  0 1  0
  -21850.671150884446     
    15    23547.97996662        3     0 2  0 1  0
   23547.979966619096     
    16   -2289.501504081        3     0 0  2 1  0
  -2289.5015040805156     
    17   -62.45775824734        3     1 0  1 0  1
  -62.457758247343605     
    18   -437.8108123831        3     0 1  1 0  1
  -437.81081238305285     
    19    8519.422467751        3     0 0  1 2  0
   8519.4224677511374     
    20    386.9275116435        3     1 0  0 1  1
   386.92751164354365     
    21    3066.544946679        3     0 1  0 1  1
   3066.5449466790965     
    22    22.78138220798        3     0 0  1 0  2
   22.781382207975209     
    23   -29099.62500025        3     0 0  0 3  0
  -29099.625000253414     
    24    25.09657634160        3     0 0  0 1  2
   25.096576341601292     
    25    235.5654865625        4     3 0  1 0  0
   235.56548656245309     
    26   -127053.1472667        4     2 1  1 0  0
  -127053.14726671067     
    27    1360547.603889        4     1 2  1 0  0
   1360547.6038885785     
    28    27222533.06005        4     0 3  1 0  0
   27222533.060051627     
    29    3934.056517944        4     1 0  3 0  0
   3934.0565179437613     
    30    113699.6684347        4     0 1  3 0  0
   113699.66843471615     
    31   -9536.484179781        4     3 0  0 1  0
  -9536.4841797814188     
    32   -3747.735821920        4     2 1  0 1  0
  -3747.7358219198286     
    33   -3082858.957300        4     1 2  0 1  0
  -3082858.9572998555     
    34   -114534696.9287        4     0 3  0 1  0
  -114534696.92873761     
    35   -176541.0829116        4     1 0  2 1  0
  -176541.08291163869     
    36   -1675691.182778        4     0 1  2 1  0
  -1675691.1827775035     
    37   -120.8872122200        4     2 0  1 0  1
  -120.88721222000731     
    38   -39005.81256449        4     1 1  1 0  1
  -39005.812564491331     
    39   -1618032.421702        4     0 2  1 0  1
  -1618032.4217020790     
    40   -22.78196695029        4     0 0  3 0  1
  -22.781966950293963     
    41    78298.51047150        4     1 0  1 2  0
   78298.510471496265     
    42   -11301801.45676        4     0 1  1 2  0
  -11301801.456757102     
    43   -7174.680330829        4     2 0  0 1  1
  -7174.6803308290582     
    44   -101841.8168558        4     1 1  0 1  1
  -101841.81685578862     
    45    1292081.976098        4     0 2  0 1  1
   1292081.9760977537     
    46   -16892.31476186        4     0 0  2 1  1
  -16892.314761863439     
    47    126.4326470584        4     1 0  1 0  2
   126.43264705838355     
    48    36360.28453835        4     0 1  1 0  2
   36360.284538349217     
    49    225434.4439183        4     1 0  0 3  0
   225434.44391832233     
    50    2936158.094760        4     0 1  0 3  0
   2936158.0947604356     
    51   -27583.43063408        4     0 0  1 2  1
  -27583.430634076176     
    52   -1525.303293507        4     1 0  0 1  2
  -1525.3032935072220     
    53   -58731.91848507        4     0 1  0 1  2
  -58731.918485074435     
    54   -33.27662454086        4     0 0  1 0  3
  -33.276624540860894     
    55    7183.962445203        4     0 0  0 3  1
   7183.9624452025455     
    56   -156.8357683612        4     0 0  0 1  3
  -156.83576836116777     
    57   -10582.38597532        5     4 0  1 0  0
  -10582.385975322093     
    58    3119554.954839        5     3 1  1 0  0
   3119554.9548393264     
    59   -46219726.51901        5     2 2  1 0  0
  -46219726.519009434     
    60   -105489341.0723        5     1 3  1 0  0
  -105489341.07233205     
    61    803471760.5830        5     0 4  1 0  0
   803471760.58304358     
    62   -200777.5112484        5     2 0  3 0  0
  -200777.51124841537     
    63    4586753.194529        5     1 1  3 0  0
   4586753.1945287623     
    64    63602421.78884        5     0 2  3 0  0
   63602421.788843378     
    65   -75101.29741390        5     0 0  5 0  0
  -75101.297413895256     
    66    441444.0009201        5     4 0  0 1  0
   441444.00092013786     
    67   -8921507.657459        5     3 1  0 1  0
  -8921507.6574594472     
    68    57068583.41117        5     2 2  0 1  0
   57068583.411168069     
    69    1934979967.681        5     1 3  0 1  0
   1934979967.6812541     
    70    108230868544.0        5     0 4  0 1  0
   108230868544.02800     
    71    2696085.627909        5     2 0  2 1  0
   2696085.6279088366     
    72   -62883982.78395        5     1 1  2 1  0
  -62883982.783952951     
    73    310045629.1402        5     0 2  2 1  0
   310045629.14022619     
    74    2890946.723091        5     0 0  4 1  0
   2890946.7230912247     
    75   -15712.69837204        5     3 0  1 0  1
  -15712.698372035600     
    76   -1481536.347698        5     2 1  1 0  1
  -1481536.3476979970     
    77   -12076604.50280        5     1 2  1 0  1
  -12076604.502804371     
    78    54996827.67202        5     0 3  1 0  1
   54996827.672023475     
    79   -38460.85132890        5     1 0  3 0  1
  -38460.851328903533     
    80   -3355558.786550        5     0 1  3 0  1
  -3355558.7865501069     
    81   -5034728.738428        5     2 0  1 2  0
  -5034728.7384283459     
    82   -158144290.4590        5     1 1  1 2  0
  -158144290.45904756     
    83   -2940605053.987        5     0 2  1 2  0
  -2940605053.9874659     
    84   -39597329.70390        5     0 0  3 2  0
  -39597329.703901976     
    85    69797.16998323        5     3 0  0 1  1
   69797.169983233398     
    86    1244157.809316        5     2 1  0 1  1
   1244157.8093155494     
    87    19018127.26733        5     1 2  0 1  1
   19018127.267332830     
    88   -2753664922.547        5     0 3  0 1  1
  -2753664922.5473905     
    89   -178761.5703636        5     1 0  2 1  1
  -178761.57036359498     
    90    5217808.826674        5     0 1  2 1  1
   5217808.8266735822     
    91    8457.563020221        5     2 0  1 0  2
   8457.5630202213652     
    92    663801.8374764        5     1 1  1 0  2
   663801.83747643523     
    93   -2997812.207551        5     0 2  1 0  2
  -2997812.2075512419     
    94    9394.726443812        5     0 0  3 0  2
   9394.7264438122074     
    95    14333739.19728        5     2 0  0 3  0
   14333739.197282229     
    96    307405921.3243        5     1 1  0 3  0
   307405921.32433742     
    97    402696412.2726        5     0 2  0 3  0
   402696412.27256775     
    98    95196653.96159        5     0 0  2 3  0
   95196653.961594760     
    99   -2749050.913499        5     1 0  1 2  1
  -2749050.9134986764     
   100   -66499424.34525        5     0 1  1 2  1
  -66499424.345253527     
   101   -48334.05821912        5     2 0  0 1  2
  -48334.058219120081     
   102   -26225.39370047        5     1 1  0 1  2
  -26225.393700468354     
   103    62369874.31860        5     0 2  0 1  2
   62369874.318598777     
   104    108160.6488813        5     0 0  2 1  2
   108160.64888127115     
   105   -9360.904307898        5     1 0  1 0  3
  -9360.9043078976174     
   106   -64034.68123512        5     0 1  1 0  3
  -64034.681235124423     
   107    289926204.1305        5     0 0  1 4  0
   289926204.13046968     
   108    11548004.59520        5     1 0  0 3  1
   11548004.595204948     
   109    108772902.5607        5     0 1  0 3  1
   108772902.56072238     
   110   -1814866.147251        5     0 0  1 2  2
  -1814866.1472509364     
   111    19896.50604045        5     1 0  0 1  3
   19896.506040453663     
   112   -421652.1659962        5     0 1  0 1  3
  -421652.16599622555     
   113    1327.232627427        5     0 0  1 0  4
   1327.2326274272884     
   114    108229876.8338        5     0 0  0 5  0
   108229876.83379364     
   115    2860129.065453        5     0 0  0 3  2
   2860129.0654534996     
   116    1741.547532592        5     0 0  0 1  4
   1741.5475325922853     
                                      

 etall    1, NO =    5, NV =    5, INA =   22
 *********************************************

    I  COEFFICIENT          ORDER   EXPONENTS
     1  -0.1496318855533        1     0 0  1 0  0
 -0.14963188555327359     
     2   0.8634763497401        1     0 0  0 1  0
  0.86347634974010024     
     3   0.4767778259735E-02    2     1 0  1 0  0
   4.7677782597351226E-003
     4  -0.2600341205529        2     0 1  1 0  0
 -0.26003412055293040     
     5    2.507027762379        2     1 0  0 1  0
   2.5070277623791717     
     6   -236.8212305241        2     0 1  0 1  0
  -236.82123052406058     
     7   0.5133505848797        2     0 0  1 0  1
  0.51335058487969121     
     8  -0.3075610593380        2     0 0  0 1  1
 -0.30756105933804817     
     9   -18.29951077879        3     2 0  1 0  0
  -18.299510778790040     
    10   -1112.560813973        3     1 1  1 0  0
  -1112.5608139733631     
    11   -2894.626543427        3     0 2  1 0  0
  -2894.6265434273350     
    12   -89.57282308809        3     0 0  3 0  0
  -89.572823088085514     
    13    107.9040838934        3     2 0  0 1  0
   107.90408389343550     
    14   -1257.780879178        3     1 1  0 1  0
  -1257.7808791784423     
    15   -25820.86648560        3     0 2  0 1  0
  -25820.866485598803     
    16   -190.3060149789        3     0 0  2 1  0
  -190.30601497885596     
    17   -11.33247173271        3     1 0  1 0  1
  -11.332471732713177     
    18   -174.2474782840        3     0 1  1 0  1
  -174.24747828395763     
    19   -840.4716214805        3     0 0  1 2  0
  -840.47162148047596     
    20   -2.477898802087        3     1 0  0 1  1
  -2.4778988020871053     
    21   -13.18144344933        3     0 1  0 1  1
  -13.181443449326920     
    22    4.494807292988        3     0 0  1 0  2
   4.4948072929879102     
    23    6608.402664266        3     0 0  0 3  0
   6608.4026642656345     
    24   -12.89976036218        3     0 0  0 1  2
  -12.899760362175597     
    25    498.3098798590        4     3 0  1 0  0
   498.30987985900356     
    26    3275.705492136        4     2 1  1 0  0
   3275.7054921361187     
    27    156172.3902106        4     1 2  1 0  0
   156172.39021057493     
    28    4060497.199027        4     0 3  1 0  0
   4060497.1990265488     
    29    424.2424023715        4     1 0  3 0  0
   424.24240237147978     
    30   -6272.264523384        4     0 1  3 0  0
  -6272.2645233838357     
    31    3019.243326987        4     3 0  0 1  0
   3019.2433269873095     
    32    4205.931143187        4     2 1  0 1  0
   4205.9311431869428     
    33   -2056544.545845        4     1 2  0 1  0
  -2056544.5458449167     
    34    12844531.57054        4     0 3  0 1  0
   12844531.570541874     
    35   -13242.03067638        4     1 0  2 1  0
  -13242.030676378086     
    36   -493077.6886586        4     0 1  2 1  0
  -493077.68865855900     
    37   -378.9148905688        4     2 0  1 0  1
  -378.91489056878515     
    38    3312.987537151        4     1 1  1 0  1
   3312.9875371514081     
    39   -126943.0374878        4     0 2  1 0  1
  -126943.03748776371     
    40    389.6146947123        4     0 0  3 0  1
   389.61469471232232     
    41    113371.9546293        4     1 0  1 2  0
   113371.95462933945     
    42    1298876.218736        4     0 1  1 2  0
   1298876.2187362856     
    43   -75.10832506693        4     2 0  0 1  1
  -75.108325066927506     
    44    2388.864427347        4     1 1  0 1  1
   2388.8644273472360     
    45    856345.3032731        4     0 2  0 1  1
   856345.30327312776     
    46   -2419.203267559        4     0 0  2 1  1
  -2419.2032675593746     
    47    41.65335135637        4     1 0  1 0  2
   41.653351356371012     
    48    2882.407712579        4     0 1  1 0  2
   2882.4077125785452     
    49    117667.6817781        4     1 0  0 3  0
   117667.68177808907     
    50    2458758.278677        4     0 1  0 3  0
   2458758.2786772093     
    51    8974.779317739        4     0 0  1 2  1
   8974.7793177386338     
    52    322.7351773744        4     1 0  0 1  2
   322.73517737437879     
    53   -8877.423913224        4     0 1  0 1  2
  -8877.4239132239181     
    54   -31.99860973038        4     0 0  1 0  3
  -31.998609730382785     
    55    34518.05346171        4     0 0  0 3  1
   34518.053461705473     
    56    64.29464097532        4     0 0  0 1  3
   64.294640975316511     
    57    2169.451843671        5     4 0  1 0  0
   2169.4518436707895     
    58    38952.77077800        5     3 1  1 0  0
   38952.770778001577     
    59   -1354900.370660        5     2 2  1 0  0
  -1354900.3706598561     
    60    27143869.98463        5     1 3  1 0  0
   27143869.984628025     
    61    834282766.4542        5     0 4  1 0  0
   834282766.45420086     
    62    24986.89357777        5     2 0  3 0  0
   24986.893577773029     
    63   -231877.6865252        5     1 1  3 0  0
  -231877.68652524505     
    64    6481966.847577        5     0 2  3 0  0
   6481966.8475773307     
    65   -43734.85525781        5     0 0  5 0  0
  -43734.855257814743     
    66    14786.83409455        5     4 0  0 1  0
   14786.834094550897     
    67   -269827.0676471        5     3 1  0 1  0
  -269827.06764714129     
    68   -155119.2748314        5     2 2  0 1  0
  -155119.27483139164     
    69    966633041.3861        5     1 3  0 1  0
   966633041.38614237     
    70   -6995880690.117        5     0 4  0 1  0
  -6995880690.1169233     
    71    170028.6405341        5     2 0  2 1  0
   170028.64053409002     
    72    3024151.148991        5     1 1  2 1  0
   3024151.1489912574     
    73   -7752518.297402        5     0 2  2 1  0
  -7752518.2974023167     
    74    143753.3526860        5     0 0  4 1  0
   143753.35268600329     
    75    8825.796166057        5     3 0  1 0  1
   8825.7961660568672     
    76   -153599.3871064        5     2 1  1 0  1
  -153599.38710640144     
    77   -4376251.845520        5     1 2  1 0  1
  -4376251.8455201769     
    78   -74454991.75927        5     0 3  1 0  1
  -74454991.759270906     
    79    785.4255523135        5     1 0  3 0  1
   785.42555231348751     
    80   -215801.2366597        5     0 1  3 0  1
  -215801.23665968337     
    81    946004.7280615        5     2 0  1 2  0
   946004.72806152911     
    82   -50195218.27236        5     1 1  1 2  0
  -50195218.272363886     
    83   -942406531.6100        5     0 2  1 2  0
  -942406531.60997999     
    84   -3670869.253777        5     0 0  3 2  0
  -3670869.2537765959     
    85    1348.506988775        5     3 0  0 1  1
   1348.5069887750738     
    86    604008.6327588        5     2 1  0 1  1
   604008.63275876816     
    87   -3322799.352213        5     1 2  0 1  1
  -3322799.3522133515     
    88   -421789296.9991        5     0 3  0 1  1
  -421789296.99910611     
    89   -157407.4910877        5     1 0  2 1  1
  -157407.49108766991     
    90    3622860.362808        5     0 1  2 1  1
   3622860.3628079933     
    91   -3245.345912572        5     2 0  1 0  2
  -3245.3459125718246     
    92    122873.7852306        5     1 1  1 0  2
   122873.78523061723     
    93    1655214.640175        5     0 2  1 0  2
   1655214.6401747849     
    94    1434.728482130        5     0 0  3 0  2
   1434.7284821304831     
    95    2375996.236548        5     2 0  0 3  0
   2375996.2365483642     
    96    178648795.4761        5     1 1  0 3  0
   178648795.47607118     
    97   -3169371625.537        5     0 2  0 3  0
  -3169371625.5369506     
    98    16971766.74769        5     0 0  2 3  0
   16971766.747694552     
    99   -320702.6301880        5     1 0  1 2  1
  -320702.63018802507     
   100   -5604736.992800        5     0 1  1 2  1
  -5604736.9927995475     
   101   -19645.41525718        5     2 0  0 1  2
  -19645.415257180350     
   102   -718257.7410132        5     1 1  0 1  2
  -718257.74101316184     
   103    8945369.868363        5     0 2  0 1  2
   8945369.8683628142     
   104   -17598.87558665        5     0 0  2 1  2
  -17598.875586649741     
   105    991.9552381095        5     1 0  1 0  3
   991.95523810951022     
   106   -21683.09295751        5     0 1  1 0  3
  -21683.092957505247     
   107   -28663553.70363        5     0 0  1 4  0
  -28663553.703632273     
   108   -399332.2176904        5     1 0  0 3  1
  -399332.21769038000     
   109   -20445982.68777        5     0 1  0 3  1
  -20445982.687771589     
   110    149245.6539527        5     0 0  1 2  2
   149245.65395273708     
   111    7543.189643262        5     1 0  0 1  3
   7543.1896432617932     
   112    59396.16422114        5     0 1  0 1  3
   59396.164221141284     
   113    99.26113518602        5     0 0  1 0  4
   99.261135186020340     
   114   -100816157.6801        5     0 0  0 5  0
  -100816157.68009865     
   115    17754.69550787        5     0 0  0 3  2
   17754.695507865057     
   116   -1388.480507520        5     0 0  0 1  4
  -1388.4805075198249     
                                      

 etall    1, NO =    5, NV =    5, INA =   23
 *********************************************

    I  COEFFICIENT          ORDER   EXPONENTS
     1    1.000000000000        1     0 0  0 0  1
   1.0000000000000000     
                                      

 etall    1, NO =    5, NV =    5, INA =   34
 *********************************************

    I  COEFFICIENT          ORDER   EXPONENTS
     1   0.5963875573833E-05    0     0 0  0 0  0
   5.9638755738333771E-006
     2  -0.7851075840420E-05    1     1 0  0 0  0
  -7.8510758404199747E-006
     3  -0.1287169096262E-03    1     0 1  0 0  0
  -1.2871690962616418E-004
     4   0.1913583868612E-01    1     0 0  0 0  1
   1.9135838686117651E-002
     5  -0.4893745106290E-01    2     2 0  0 0  0
  -4.8937451062899512E-002
     6   -5.223774344211        2     1 1  0 0  0
  -5.2237743442108293     
     7    3.400252807209        2     0 2  0 0  0
   3.4002528072093527     
     8   0.2009354731609        2     0 0  2 0  0
  0.20093547316088406     
     9    1.111673967262        2     0 0  1 1  0
   1.1116739672621572     
    10   0.2773431049779        2     1 0  0 0  1
  0.27734310497792741     
    11    4.432854587269        2     0 1  0 0  1
   4.4328545872685190     
    12   -4.242569129913        2     0 0  0 2  0
  -4.2425691299133934     
    13  -0.1300919617380E-01    2     0 0  0 0  2
  -1.3009196173799200E-002
    14   -4.093190739394        3     3 0  0 0  0
  -4.0931907393941547     
    15    9.708043188063        3     2 1  0 0  0
   9.7080431880634173     
    16   -914.8236785424        3     1 2  0 0  0
  -914.82367854238635     
    17   -34116.42739947        3     0 3  0 0  0
  -34116.427399465334     
    18   -7.450871361881        3     1 0  2 0  0
  -7.4508713618809690     
    19   -48.95599238823        3     0 1  2 0  0
  -48.955992388233334     
    20    3.196168883561        3     1 0  1 1  0
   3.1961688835612958     
    21    26.40828209446        3     0 1  1 1  0
   26.408282094460120     
    22    3.438159905044        3     2 0  0 0  1
   3.4381599050441736     
    23   -12.90507197530        3     1 1  0 0  1
  -12.905071975298817     
    24    1371.131448347        3     0 2  0 0  1
   1371.1314483470026     
    25    1.784949561701        3     0 0  2 0  1
   1.7849495617013651     
    26   -148.2899944514        3     1 0  0 2  0
  -148.28999445138408     
    27   -3310.808728282        3     0 1  0 2  0
  -3310.8087282821862     
    28    44.74122357785        3     0 0  1 1  1
   44.741223577854875     
    29   -1.291275888278        3     1 0  0 0  2
  -1.2912758882780058     
    30   -31.57813980845        3     0 1  0 0  2
  -31.578139808450825     
    31    27.89441613826        3     0 0  0 2  1
   27.894416138264305     
    32   0.2898653717853        3     0 0  0 0  3
  0.28986537178532923     
    33    38.39193886052        4     4 0  0 0  0
   38.391938860524505     
    34   -1252.358933259        4     3 1  0 0  0
  -1252.3589332592458     
    35    11401.17386788        4     2 2  0 0  0
   11401.173867876787     
    36    243069.6431293        4     1 3  0 0  0
   243069.64312933965     
    37    15301560.94137        4     0 4  0 0  0
   15301560.941369416     
    38    52.59451176535        4     2 0  2 0  0
   52.594511765354227     
    39    93.95702020338        4     1 1  2 0  0
   93.957020203376828     
    40   -69944.48497800        4     0 2  2 0  0
  -69944.484978003107     
    41    118.5820610646        4     0 0  4 0  0
   118.58206106462114     
    42   -2787.478655547        4     2 0  1 1  0
  -2787.4786555473033     
    43   -11244.10917126        4     1 1  1 1  0
  -11244.109171264325     
    44   -405301.3492981        4     0 2  1 1  0
  -405301.34929805808     
    45   -1633.877278773        4     0 0  3 1  0
  -1633.8772787733378     
    46   -41.14728221569        4     3 0  0 0  1
  -41.147282215687760     
    47    1774.033369887        4     2 1  0 0  1
   1774.0333698871882     
    48   -1513.690726560        4     1 2  0 0  1
  -1513.6907265604675     
    49   -787903.3832244        4     0 3  0 0  1
  -787903.38322442269     
    50   -6.447053076225        4     1 0  2 0  1
  -6.4470530762246989     
    51    2253.513521323        4     0 1  2 0  1
   2253.5135213230856     
    52   -5939.876716482        4     2 0  0 2  0
  -5939.8767164820392     
    53    67043.16754073        4     1 1  0 2  0
   67043.167540734008     
    54    1726108.663839        4     0 2  0 2  0
   1726108.6638390517     
    55    8918.049152516        4     0 0  2 2  0
   8918.0491525157649     
    56    1747.462675529        4     1 0  1 1  1
   1747.4626755285919     
    57   -12058.10126008        4     0 1  1 1  1
  -12058.101260081075     
    58    19.22247578746        4     2 0  0 0  2
   19.222475787459086     
    59   -666.0100322517        4     1 1  0 0  2
  -666.01003225174372     
    60    17129.50176131        4     0 2  0 0  2
   17129.501761309635     
    61   -14.64655905347        4     0 0  2 0  2
  -14.646559053469526     
    62   -21085.48524669        4     0 0  1 3  0
  -21085.485246685050     
    63    6300.802914990        4     1 0  0 2  1
   6300.8029149901249     
    64    46224.65501379        4     0 1  0 2  1
   46224.655013792704     
    65   -259.5245487662        4     0 0  1 1  2
  -259.52454876619561     
    66   -7.490146523747        4     1 0  0 0  3
  -7.4901465237465681     
    67   -42.81595967804        4     0 1  0 0  3
  -42.815959678041786     
    68   -9351.497300310        4     0 0  0 4  0
  -9351.4973003096020     
    69    144.2538387971        4     0 0  0 2  2
   144.25383879708042     
    70   0.4168630764996        4     0 0  0 0  4
  0.41686307649957594     
    71    1906.305968874        5     5 0  0 0  0
   1906.3059688739545     
    72   -24303.85661670        5     4 1  0 0  0
  -24303.856616701552     
    73   -366529.5383492        5     3 2  0 0  0
  -366529.53834924236     
    74    9980444.625277        5     2 3  0 0  0
   9980444.6252773460     
    75    118325004.8657        5     1 4  0 0  0
   118325004.86567739     
    76    6432679475.234        5     0 5  0 0  0
   6432679475.2335081     
    77   -6168.405045305        5     3 0  2 0  0
  -6168.4050453052496     
    78   -25628.76656530        5     2 1  2 0  0
  -25628.766565301368     
    79    3029297.340983        5     1 2  2 0  0
   3029297.3409832846     
    80    33679021.05866        5     0 3  2 0  0
   33679021.058655150     
    81   -1684.886171432        5     1 0  4 0  0
  -1684.8861714320826     
    82   -5915.392015020        5     0 1  4 0  0
  -5915.3920150201839     
    83   -9229.785542615        5     3 0  1 1  0
  -9229.7855426153128     
    84   -435061.8377528        5     2 1  1 1  0
  -435061.83775284223     
    85   -12155725.12386        5     1 2  1 1  0
  -12155725.123864934     
    86    31770878.49123        5     0 3  1 1  0
   31770878.491231542     
    87   -5738.743598741        5     1 0  3 1  0
  -5738.7435987409481     
    88    333033.7100323        5     0 1  3 1  0
   333033.71003228484     
    89   -4597.778839654        5     4 0  0 0  1
  -4597.7788396540036     
    90    20068.44494839        5     3 1  0 0  1
   20068.444948391818     
    91    1455733.817564        5     2 2  0 0  1
   1455733.8175644213     
    92   -36010752.06569        5     1 3  0 0  1
  -36010752.065690294     
    93   -686925649.0030        5     0 4  0 0  1
  -686925649.00300205     
    94    5095.270790000        5     2 0  2 0  1
   5095.2707900004025     
    95   -121852.9601122        5     1 1  2 0  1
  -121852.96011219114     
    96   -2003318.273999        5     0 2  2 0  1
  -2003318.2739989583     
    97   -1052.777746230        5     0 0  4 0  1
  -1052.7777462298043     
    98   -44400.77229794        5     3 0  0 2  0
  -44400.772297944095     
    99   -4814871.630594        5     2 1  0 2  0
  -4814871.6305935001     
   100   -15996649.28631        5     1 2  0 2  0
  -15996649.286314562     
   101   -319207842.0754        5     0 3  0 2  0
  -319207842.07535678     
   102   -553295.4370356        5     1 0  2 2  0
  -553295.43703556852     
   103   -5224815.252575        5     0 1  2 2  0
  -5224815.2525749961     
   104   -16507.74869333        5     2 0  1 1  1
  -16507.748693327547     
   105    1795049.419305        5     1 1  1 1  1
   1795049.4193047315     
   106    6235840.414859        5     0 2  1 1  1
   6235840.4148587696     
   107   -2506.889230756        5     0 0  3 1  1
  -2506.8892307555193     
   108    4175.818730855        5     3 0  0 0  2
   4175.8187308548340     
   109   -35647.71788233        5     2 1  0 0  2
  -35647.717882332654     
   110    742532.8949936        5     1 2  0 0  2
   742532.89499364176     
   111    33459255.80706        5     0 3  0 0  2
   33459255.807059210     
   112   -127.1204084383        5     1 0  2 0  2
  -127.12040843831147     
   113    34700.05000985        5     0 1  2 0  2
   34700.050009854975     
   114   -1990299.212818        5     1 0  1 3  0
  -1990299.2128177730     
   115    48886777.67037        5     0 1  1 3  0
   48886777.670371473     
   116   -48769.17823037        5     2 0  0 2  1
  -48769.178230372490     
   117    2469936.419276        5     1 1  0 2  1
   2469936.4192756671     
   118   -24931714.69559        5     0 2  0 2  1
  -24931714.695586607     
   119    81934.01293107        5     0 0  2 2  1
   81934.012931068792     
   120    1735.956819162        5     1 0  1 1  2
   1735.9568191617304     
   121   -294039.6196600        5     0 1  1 1  2
  -294039.61965996207     
   122   -1467.404457251        5     2 0  0 0  3
  -1467.4044572512848     
   123   -4607.692470612        5     1 1  0 0  3
  -4607.6924706117798     
   124   -781853.6453328        5     0 2  0 0  3
  -781853.64533281082     
   125   -42.21022745322        5     0 0  2 0  3
  -42.210227453220767     
   126   -6208759.254051        5     1 0  0 4  0
  -6208759.2540507922     
   127   -78880147.94409        5     0 1  0 4  0
  -78880147.944085106     
   128    1346666.190572        5     0 0  1 3  1
   1346666.1905715312     
   129    71837.81349547        5     1 0  0 2  2
   71837.813495469658     
   130   -845308.5669123        5     0 1  0 2  2
  -845308.56691229390     
   131    194.3527192257        5     0 0  1 1  3
   194.35271922573807     
   132    361.7290079878        5     1 0  0 0  4
   361.72900798779347     
   133    8457.847155042        5     0 1  0 0  4
   8457.8471550416398     
   134   -1377182.515499        5     0 0  0 4  1
  -1377182.5154988146     
   135   -8531.671393078        5     0 0  0 2  3
  -8531.6713930783953     
   136   -58.80741257104        5     0 0  0 0  5
  -58.807412571036451     
                                      
